#Segment notation of map
lines:
  line1:
    start: [-7.475189, -7.91258]
    end: [-7.475189, 7.91258]
    angle: 0
  line2:
    start: [-7.475189, 7.91258]
    end: [7.475189, 7.91258]
    angle: 4.71239
  line3:
    start: [7.475189, 7.91258]
    end: [7.475189, -7.91258]
    angle: 3.14159
  line4:
    start: [7.475189, -7.91258]
    end: [-7.475189, -7.91258]
    angle: 1.5708
initial_pose: [0.4379034, 4.925271]